Start layer (128) 300
129
Start polyline (129) id: (1,); dir: (1,); n: 9;
(83, 675)
(88, 678)
(90, 683)
(88, 689)
(83, 691)
(77, 689)
(75, 683)
(77, 678)
(83, 675)
()
129
Start polyline (129) id: (1,); dir: (1,); n: 9;
(180, 675)
(185, 678)
(187, 683)
(185, 689)
(180, 691)
(174, 689)
(172, 683)
(174, 678)
(180, 675)
()
129
Start polyline (129) id: (1,); dir: (1,); n: 9;
(277, 675)
(282, 678)
(285, 683)
(282, 689)
(277, 691)
(271, 689)
(269, 683)
(271, 678)
(277, 675)
()
129
Start polyline (129) id: (1,); dir: (1,); n: 9;
(374, 675)
(379, 678)
(382, 683)
(379, 689)
(374, 691)
(368, 689)
(366, 683)
(368, 678)
(374, 675)
()
129
Start polyline (129) id: (1,); dir: (1,); n: 9;
(471, 675)
(476, 678)
(479, 683)
(476, 689)
(471, 691)
(465, 689)
(463, 683)
(465, 678)
(471, 675)
()
129
Start polyline (129) id: (1,); dir: (1,); n: 9;
(568, 675)
(574, 678)
(576, 683)
(574, 689)
(568, 691)
(562, 689)
(560, 683)
(562, 678)
(568, 675)
()
129
Start polyline (129) id: (1,); dir: (1,); n: 9;
(665, 675)
(671, 678)
(673, 683)
(671, 689)
(665, 691)
(659, 689)
(657, 683)
(659, 678)
(665, 675)
()
129
Start polyline (129) id: (1,); dir: (1,); n: 9;
(762, 675)
(768, 678)
(770, 683)
(768, 689)
(762, 691)
(757, 689)
(754, 683)
(757, 678)
(762, 675)
()
129
Start polyline (129) id: (1,); dir: (1,); n: 9;
(858, 681)
(860, 682)
(860, 683)
(860, 685)
(858, 685)
(857, 685)
(856, 683)
(857, 682)
(858, 681)
()
129
Start polyline (129) id: (1,); dir: (1,); n: 9;
(1126, 675)
(1131, 677)
(1134, 683)
(1131, 688)
(1126, 691)
(1120, 688)
(1118, 683)
(1120, 677)
(1126, 675)
()
129
Start polyline (129) id: (1,); dir: (1,); n: 9;
(1223, 681)
(1224, 681)
(1225, 682)
(1224, 684)
(1223, 684)
(1222, 684)
(1221, 682)
(1222, 681)
(1223, 681)
()
129
Start polyline (129) id: (1,); dir: (1,); n: 9;
(1489, 675)
(1495, 678)
(1497, 683)
(1495, 689)
(1489, 691)
(1484, 689)
(1481, 683)
(1484, 678)
(1489, 675)
()
129
Start polyline (129) id: (1,); dir: (1,); n: 9;
(1586, 675)
(1592, 678)
(1594, 683)
(1592, 689)
(1586, 691)
(1581, 689)
(1578, 683)
(1581, 678)
(1586, 675)
()
129
Start polyline (129) id: (1,); dir: (1,); n: 9;
(1684, 675)
(1689, 678)
(1692, 683)
(1689, 689)
(1684, 691)
(1678, 689)
(1676, 683)
(1678, 678)
(1684, 675)
()
129
Start polyline (129) id: (1,); dir: (1,); n: 9;
(1779, 681)
(1784, 679)
(1790, 681)
(1792, 687)
(1790, 693)
(1784, 695)
(1779, 693)
(1776, 687)
(1779, 681)
()